FeatureLevel=40700
PreprocessorDefinitions=
Techniques=
TechniqueSorting=PSXDither,PreGravity,computeGravity,ColorSort,pkd_FlatShade,ReVeil_Bottom

[ColorInversion.fx]
nInversionBlue=1.000000
nInversionGreen=1.000000
nInversionRed=1.000000
nInversionSelector=0

[Comic.fx]
bUIChromaEdgesDebugLayer=0
bUIColorEdgesDebugLayer=0
fUIChromaEdgesStrength=1.000000,10.000000
bUIMeshEdgesDebugLayer=4294967295
bUIEnableDebugLayer=4294967295
bUIOutlinesDebugLayer=0
fUIChromaEdgesDetails=0.920000
fUIChromaEdgesDistanceFading=2.000000,-2.000000,2.000000
fUIColor=1.000000,0.999990,0.999990
fUIColorEdgesDetails=0.840000
fUIColorEdgesDistanceFading=0.000000,1.000000,0.800000
fUIStrength=1.000000
iUIChromaEdgesType=0
iUIOutlinesEnable=2
fUIColorEdgesStrength=0.460000,1.220000
fUIEdgesLumaWeight=-1.000000,1.000000,1.000000
fUIEdgesSaturationWeight=0.000000,1.000000,1.000000
fUIOutlinesThreshold=1.000000
fUIMeshEdgesDistanceFading=-1.000000,1.000000,1.000000
fUIMeshEdgesStrength=6.000000,2.000000
fUIOutlinesDistanceFading=-1.000000,1.000000,1.000000
fUIOutlinesStrength=2.500000,10.000000
fUIOverlayColor=0.000001,0.000001,0.000001
iUIColorEdgesType=0
iUIMeshEdgesEnable=1
iUIMeshEdgesIterations=1.000000
iUIShowFadingOverlay=3

[KeepUI_FFXIV.fx]
bTroubleshootOpacityIssue=0
iBlendSource=0

[PSXDither.fx]
useDither=0

